44
8;126;2;1;0;
120;169;1;2;1720;
164;136;2;1;0;
154;190;1;2;41;
67;68;1;2;0;
109;191;1;2;700;
68;48;2;1;0;
18;85;2;1;2164;
37;124;2;1;0;
146;135;1;2;160;
151;101;2;1;0;
165;39;1;2;1389;
192;106;1;2;0;
186;184;1;2;1557;
146;37;1;2;0;
11;64;2;1;996;
89;109;1;2;0;
163;36;2;1;970;
146;22;2;1;0;
32;108;1;2;263;
47;193;1;2;0;
62;94;1;2;1947;
34;57;1;2;0;
118;55;2;1;51;
22;92;1;2;0;
77;4;2;1;2210;
5;56;2;1;0;
17;67;2;1;1333;
96;179;2;1;0;
60;187;1;2;1014;
14;76;1;2;0;
147;107;1;2;511;
165;174;1;2;0;
115;90;1;2;741;
117;113;2;1;0;
154;95;2;1;1379;
113;81;1;2;0;
147;168;1;2;1193;
124;11;1;2;0;
143;79;1;2;1631;
46;109;2;1;0;
200;153;1;2;869;
114;117;2;1;0;
192;45;2;1;1091;
0;1;14;392
1;1;23;2278
2;1;22;3788
3;1;33;7312
4;1;36;668
5;1;34;4183
6;1;39;7615
7;1;47;3702
8;1;21;1257
9;1;26;2914
10;1;9;6124
11;1;42;6606
12;1;42;2435
13;1;45;6321
14;1;25;5531
15;1;49;3844
16;1;47;7407
17;1;19;6425
18;1;47;378
19;1;39;6495
20;1;38;4669
21;1;16;6050
22;1;26;4472
23;1;39;5823
24;1;50;2891
25;1;25;7484
26;1;43;2151
27;1;49;6933
28;1;5;3756
29;1;45;2041
30;1;49;4933
