48
3;18;1;2;0;
69;149;2;1;1362;
11;5;2;1;0;
132;195;2;1;1354;
17;13;1;2;0;
97;50;2;1;1491;
2;7;2;1;0;
115;120;1;2;1041;
6;15;1;2;0;
16;37;1;2;962;
2;7;1;2;0;
131;196;1;2;1208;
14;19;2;1;0;
67;80;1;2;98;
2;16;1;2;0;
133;136;2;1;950;
1;5;2;1;0;
60;144;1;2;927;
2;12;2;1;0;
191;48;2;1;297;
10;5;1;2;0;
103;187;1;2;214;
19;17;2;1;0;
194;173;1;2;928;
19;15;2;1;0;
60;96;2;1;1215;
19;14;2;1;0;
132;40;2;1;368;
5;19;2;1;0;
59;103;1;2;392;
14;2;2;1;0;
158;82;1;2;147;
19;2;2;1;0;
26;163;2;1;1413;
13;16;1;2;0;
182;59;1;2;229;
11;20;2;1;0;
60;164;1;2;505;
2;12;2;1;0;
40;137;2;1;1017;
17;20;2;1;0;
187;185;1;2;832;
13;1;2;1;0;
192;28;1;2;256;
3;1;1;2;0;
151;149;2;1;151;
17;12;1;2;0;
139;158;1;2;410;
0;1;21;1218
1;1;11;4747
2;1;21;1263
3;1;45;3431
4;1;44;102
5;1;29;3299
6;1;32;2207
7;1;14;3390
8;1;47;5617
9;1;49;3686
10;1;21;5117
11;1;9;4779
12;1;21;5302
13;1;40;503
14;1;35;5766
15;1;36;3786
16;1;8;413
17;1;13;4811
