>DOJHLOP01DWJWJ length=100 xy=1483_3377 region=1 run=R_2005_09_08_15_35_38_
25 27 30 20 18 21 26 32 27 28 23 30 26 24 20 27 21 25 20 22 25 18 24 14 23 24 26 21 23 18 23 21 27 25 30 22 24 25 26 21 30 27 25
17 23 25 27 20 23 21 35 18 23 30 25 15 27 24 26 20 30 35 24 20 30 21 15 28 21 15
>DOJHLOP02GF4GK length=95 xy=2526_3586 region=2 run=R_2005_09_08_15_35_38_
32 27 28 23 30 26 24 20 27 21 25 20 22 25 18 24 14 23 24 26 21 23 18 23 21 27 25 30 22 24 25 26 21 30 27 25
17 23 25 27 20 23 21 35 18 23 30 25 15 27 30 27 25 20 22 18 19
>DOJHLOP01CC1S3 length=91 xy=0851_2517 region=1 run=R_2005_09_08_15_35_38_
30 25 27 15 20 18 19 32 27 28 23 30 26 24 20 27 21 25 20 22 25 18 24 14 23 24 26 21 23 18 23 21 27 25 30 22 24 25 26 21 30 27 25
17 23 25 27 20 23 21 35 18 23 30 25 15 27
>DOJHLOP01C1GFF length=99 xy=1129_2521 region=1 run=R_2005_09_08_15_35_38_
20 25 23 18 24 19 18 13 25 20 32 27 28 23 30 26 24 20 27 21 25 20 22 25 18 24 14 23 24 26 21 23 18 23 21 27 25 30 22 24 25 26 21 30 27 25
17 23 25 27 20 23 21 35 18 23 30 25 15 27 25 20 23 18
>DOJHLOP02I6MO4 length=95 xy=3648_3798 region=2 run=R_2005_09_08_15_35_38_
32 27 28 23 30 26 24 20 27 21 25 20 22 25 18 24 14 23 24 26 21 23 18 23 21 27 25 30 22 24 25 26 21 30 27 25
17 23 25 27 20 23 21 35 18 23 30 25 15 27
>DOJHLOP02GVZDE length=96 xy=2707_2112 region=2 run=R_2005_09_08_15_35_38_
25 25 25 30 27 20 20 32 27 28 23 30 26 24 20 27 21 25 20 22 25 18 24 14 23 24 26 21 23 18 23 21 27 25 30 22 24 25 26 21 30 27 25
17 23 25 27 20 23 21 35 18 23 30 25 15 27 25 23 24 30 28 25 17
>DOJHLOP02IXR45 length=96 xy=3548_0551 region=2 run=R_2005_09_08_15_35_38_
32 27 28 23 30 26 24 20 27 21 25 20 22 25 18 24 14 23 24 26 21 23 18 23 21 27 25 30 22 24 25 26 21 30 27 25
17 23 25 27 20 23 21 35 18 23 30 25 15 27 30 25 28 24 18 17 14