>DOJHLOP01DWJWJ length=100 xy=1483_3377 region=1 run=R_2005_09_08_15_35_38_
20 21 23 20 30 25 15 20 21 18 23 30 27 15 30 18 12 30 32
27 25
>DOJHLOP02GF4GK length=95 xy=2526_3586 region=2 run=R_2005_09_08_15_35_38_
21 23 20 30 25 15 20 21 18 23 30 27 15 30 18 12 30 32
27 25 30
>DOJHLOP01CC1S3 length=91 xy=0851_2517 region=1 run=R_2005_09_08_15_35_38_
25 21 23 20 30 25 15 20 21 18 23 30 27 15 30 18 12 30 32
27 25
>DOJHLOP01C1GFF length=99 xy=1129_2521 region=1 run=R_2005_09_08_15_35_38_
23 21 23 20 30 25 15 20 21 18 23 30 27 15 30 18 12 30 32
27 25 25
>DOJHLOP02I6MO4 length=95 xy=3648_3798 region=2 run=R_2005_09_08_15_35_38_
30 21 23 20 30 25 15 20 21 18 23 30 27 15 30 18 12 30 32
27 25
>DOJHLOP02GVZDE length=96 xy=2707_2112 region=2 run=R_2005_09_08_15_35_38_
21 23 20 30 25 15 20 21 18 23 30 27 15 30 18 12 30 32
27 25 21
>DOJHLOP02IXR45 length=96 xy=3548_0551 region=2 run=R_2005_09_08_15_35_38_
25 21 23 20 30 25 15 20 21 18 23 30 27 15 30 18 12 30 32
27 25 30