>DOJHLOP01DWJWJ length=100 xy=1483_3377 region=1 run=R_2005_09_08_15_35_38_
30 25 25 30 18 25 21 21 14 25 30 32 22 28 30 18 12 20 12 10 21
28 18 22 30 32 18 21 15 15 8 22 30 30 15
>DOJHLOP02GF4GK length=95 xy=2526_3586 region=2 run=R_2005_09_08_15_35_38_
30 18 25 21 21 14 25 30 32 22 28 30 18 12 20 12 10 21
28 18 22 30 32 18 21 15 15 8 22 30 30 15 10
>DOJHLOP01CC1S3 length=91 xy=0851_2517 region=1 run=R_2005_09_08_15_35_38_
30 25 27 26 20 21 18 30 18 25 21 21 14 25 30 32 22 28 30 18 12 20 12 10 21
28 18 22 30 32 18 21 15 15 8 22 30 25 25 21 28 18 12 21
>DOJHLOP01C1GFF length=99 xy=1129_2521 region=1 run=R_2005_09_08_15_35_38_
30 21 30 18 25 21 21 14 25 30 32 22 28 30 18 12 20 12 10 21
28 18 22 30 32 18 21 15 15 8 22 30 25 25
>DOJHLOP02I6MO4 length=95 xy=3648_3798 region=2 run=R_2005_09_08_15_35_38_
30 21 21 30 18 25 21 21 14 25 30 32 22 28 30 18 12 20 12 10 21
28 18 22 30 32 18 21 15 15 8 22 30 18
>DOJHLOP02GVZDE length=96 xy=2707_2112 region=2 run=R_2005_09_08_15_35_38_
30 30 18 25 21 21 14 25 30 32 22 28 30 18 12 20 12 10 21
28 18 22 30 32 18 21 15 15 8 22 30 15
>DOJHLOP02IXR45 length=96 xy=3548_0551 region=2 run=R_2005_09_08_15_35_38_
30 18 25 21 21 14 25 30 32 22 28 30 18 12 20 12 10 21
28 18 22 30 32 18 21 15 15 8 22 30