>DOJHLOP01DWJWJ length=100 xy=1483_3377 region=1 run=R_2005_09_08_15_35_38_
25 18 20 20 20 18 30 32 28 26 30 15 28 20 15 18 30 27 25 20
22 21 15 7 30 21 21 13
>DOJHLOP02GF4GK length=95 xy=2526_3586 region=2 run=R_2005_09_08_15_35_38_
30 20 20 20 18 30 32 28 26 30 15 28 20 15 18 30 27 25 20
22 21 15 7 30 21 21
>DOJHLOP01CC1S3 length=91 xy=0851_2517 region=1 run=R_2005_09_08_15_35_38_
25 25 22 20 20 20 18 30 32 28 26 30 15 28 20 15 18 30 27 25 20
22 21 15 7 30 21 30 25 23
>DOJHLOP01C1GFF length=99 xy=1129_2521 region=1 run=R_2005_09_08_15_35_38_
21 20 20 20 18 30 32 28 26 30 15 28 20 15 18 30 27 25 20
22 21 15 7 30 21 18
>DOJHLOP02I6MO4 length=95 xy=3648_3798 region=2 run=R_2005_09_08_15_35_38_
25 15 20 20 20 18 30 32 28 26 30 15 28 20 15 18 30 27 25 20
22 21 15 7 30 21 20 14
>DOJHLOP02GVZDE length=96 xy=2707_2112 region=2 run=R_2005_09_08_15_35_38_
25 20 20 20 18 30 32 28 26 30 15 28 20 15 18 30 27 25 20
22 21 15 7 30 21 14
>DOJHLOP02IXR45 length=96 xy=3548_0551 region=2 run=R_2005_09_08_15_35_38_
25 15 20 20 20 18 30 32 28 26 30 15 28 20 15 18 30 27 25 20
22 21 15 7 30 21 21 20