>DOJHLOP01DWJWJ length=100 xy=1483_3377 region=1 run=R_2005_09_08_15_35_38_
30 20 10 32 22 14 25 32 22 25 18 21 25 20 14 30 28 25 30 21 25 26 32 33 21 15 10 27 28 29 15 20 22 31 28
25 20 22 27 17 30 32 28 30 15 30 20 15 20 18
>DOJHLOP02GF4GK length=95 xy=2526_3586 region=2 run=R_2005_09_08_15_35_38_
25 20 23 15 30 18 27 32 22 25 18 21 25 20 14 30 28 25 30 21 25 26 32 33 21
15 10 27 28 29 15 20 22 31 28 25 20 22 27 17 30 32 28 30 21 25 24 24 21
>DOJHLOP01CC1S3 length=91 xy=0851_2517 region=1 run=R_2005_09_08_15_35_38_
30 25 32 22 25 18 21 25 20 14 30 28 25 30 21 25 26 32 33 21
15 10 27 28 29 15 20 22 31 28 25 20 22 27 17 30 32 28 25 21
>DOJHLOP01C1GFF length=99 xy=1129_2521 region=1 run=R_2005_09_08_15_35_38_
30 32 22 25 18 21 25 20 14 30 28 25 30 21 25 26 32 33 21
15 10 27 28 29 15 20 22 31 28 25 20 22 27 17 30 32 28 12
>DOJHLOP02I6MO4 length=95 xy=3648_3798 region=2 run=R_2005_09_08_15_35_38_
32 22 25 18 21 25 20 14 30 28 25 30 21 25 26 32 33 21
15 10 27 28 29 15 20 22 31 28 25 20 22 27 17 30 32 28 21 12 30
>DOJHLOP02GVZDE length=96 xy=2707_2112 region=2 run=R_2005_09_08_15_35_38_
30 25 15 32 22 25 18 21 25 20 14 30 28 25 30 21 25 26 32 33 21
15 10 27 28 29 15 20 22 31 28 25 20 22 27 17 30 32 28 25 12 27
>DOJHLOP02IXR45 length=96 xy=3548_0551 region=2 run=R_2005_09_08_15_35_38_
30 32 22 25 18 21 25 20 14 30 28 25 30 21 25 26 32 33 21
15 10 27 28 29 15 20 22 31 28 25 20 22 27 17 30 32 28 20