22
16;11;1;2;0;
4;6;2;1;34;
19;6;2;1;0;
4;9;2;1;20;
2;6;2;1;0;
4;3;1;2;89;
8;16;1;2;0;
9;14;1;2;52;
3;11;1;2;0;
2;15;2;1;68;
4;4;1;2;0;
18;9;2;1;5;
4;16;2;1;0;
7;20;1;2;66;
8;20;2;1;0;
5;1;1;2;17;
9;15;1;2;0;
9;14;2;1;60;
6;12;1;2;0;
19;18;2;1;39;
15;10;1;2;0;
3;5;1;2;35;
0;1;46;267
1;1;31;347
2;1;6;186
3;1;25;104
4;1;43;165
5;1;25;218
6;1;33;26
7;1;41;98
8;1;35;61
9;1;4;140
10;1;37;211
11;1;36;385
12;1;2;326
13;1;4;314
14;1;14;1
15;1;42;383
16;1;5;153
17;1;11;330
18;1;7;257
19;1;44;16
20;1;22;321
