49
13;3;2;1;0;
17;6;2;1;90;
2;4;1;2;0;
18;2;2;1;193;
19;3;2;1;0;
15;10;1;2;40;
5;8;2;1;0;
4;2;2;1;136;
9;5;2;1;0;
2;16;2;1;63;
4;1;2;1;0;
15;17;1;2;62;
20;19;2;1;0;
13;11;2;1;228;
18;9;2;1;0;
3;20;1;2;248;
12;19;1;2;0;
18;4;1;2;176;
11;13;2;1;0;
6;14;1;2;153;
7;3;1;2;0;
13;3;1;2;129;
14;18;2;1;0;
1;9;2;1;127;
16;9;1;2;0;
13;14;1;2;7;
6;12;1;2;0;
15;12;1;2;60;
12;1;2;1;0;
7;5;1;2;51;
11;8;1;2;0;
17;17;2;1;237;
8;1;1;2;0;
20;13;1;2;24;
11;18;2;1;0;
11;14;2;1;212;
3;12;1;2;0;
15;19;2;1;44;
6;11;1;2;0;
17;13;1;2;111;
1;11;1;2;0;
10;7;1;2;78;
8;16;1;2;0;
14;4;2;1;1;
8;4;2;1;0;
3;18;1;2;9;
10;6;2;1;0;
10;15;2;1;100;
15;7;2;1;0;
0;1;44;135
1;1;13;710
2;1;46;647
3;1;30;508
4;1;33;464
5;1;33;764
6;1;38;53
7;1;25;825
8;1;39;998
9;1;7;571
10;1;9;907
11;1;9;283
12;1;42;600
13;1;14;726
14;1;21;942
15;1;39;724
16;1;18;976
17;1;9;584
18;1;5;258
19;1;16;333
20;1;36;264
21;1;4;47
22;1;22;801
23;1;41;189
24;1;12;28
25;1;46;382
26;1;49;879
27;1;2;240
28;1;20;544
29;1;6;501
30;1;26;970
31;1;12;313
32;1;27;107
33;1;4;704
34;1;15;362
35;1;8;6
36;1;7;232
37;1;5;933
38;1;7;696
39;1;27;352
40;1;6;97
41;1;10;453
42;1;4;432
43;1;2;309
