33
17;9;1;2;0;
18;19;1;2;18;
2;13;2;1;0;
17;17;2;1;61;
5;3;2;1;0;
19;14;1;2;105;
6;4;1;2;0;
18;5;1;2;165;
16;4;1;2;0;
4;4;1;2;32;
6;17;2;1;0;
17;20;2;1;28;
16;13;1;2;0;
17;9;2;1;34;
2;5;1;2;0;
3;19;2;1;163;
3;5;1;2;0;
6;10;2;1;29;
15;16;2;1;0;
1;8;2;1;16;
3;3;1;2;0;
7;17;2;1;20;
6;17;2;1;0;
13;6;2;1;17;
11;6;2;1;0;
15;17;2;1;123;
1;2;2;1;0;
9;9;2;1;1;
10;12;1;2;0;
10;15;2;1;77;
15;18;1;2;0;
12;4;2;1;96;
15;19;2;1;0;
0;1;8;431
1;1;6;88
2;1;17;669
3;1;10;113
4;1;9;443
5;1;15;575
6;1;25;544
7;1;5;257
8;1;19;500
9;1;31;6
10;1;19;250
11;1;31;321
12;1;50;150
13;1;17;423
14;1;42;656
15;1;28;290
16;1;6;240
17;1;25;368
18;1;44;593
19;1;5;454
20;1;14;462
21;1;9;97
22;1;47;483
23;1;3;277
24;1;6;141
25;1;43;3
26;1;6;212
27;1;6;58
28;1;25;203
29;1;10;75
30;1;5;270
