39
3;12;1;2;0;
19;6;1;2;150;
14;16;2;1;0;
12;7;2;1;97;
18;9;2;1;0;
14;11;1;2;60;
3;5;2;1;0;
5;19;1;2;37;
4;6;1;2;0;
13;20;1;2;55;
6;15;2;1;0;
16;3;1;2;79;
3;3;2;1;0;
11;3;1;2;171;
16;14;1;2;0;
2;3;1;2;29;
12;11;2;1;0;
6;8;1;2;143;
8;9;2;1;0;
7;20;2;1;86;
20;15;2;1;0;
18;13;2;1;91;
4;14;2;1;0;
2;11;1;2;101;
7;5;2;1;0;
17;15;1;2;159;
3;2;1;2;0;
14;14;2;1;0;
16;12;1;2;0;
1;18;2;1;46;
11;12;1;2;0;
16;9;2;1;51;
12;20;2;1;0;
19;14;1;2;185;
5;20;1;2;0;
18;3;1;2;59;
7;1;1;2;0;
3;15;2;1;97;
9;9;1;2;0;
0;1;47;497
1;1;44;614
2;1;44;235
3;1;34;552
4;1;8;787
5;1;38;306
6;1;30;141
7;1;44;679
8;1;30;753
9;1;9;175
10;1;47;422
11;1;35;59
12;1;18;354
13;1;21;395
14;1;49;234
15;1;3;195
16;1;16;100
17;1;4;348
18;1;14;804
19;1;35;22
20;1;49;784
21;1;11;214
22;1;20;174
23;1;19;589
24;1;7;1
25;1;4;417
26;1;26;98
27;1;5;727
28;1;2;301
29;1;21;588
30;1;12;376
31;1;7;741
32;1;32;201
33;1;3;480
34;1;48;611
35;1;7;665
